0101000
0000000
0000000
0110111
0000000
1100110
0000000
0000000
0000000
1000111
0000000
0101000
0000000
0000000
0110111
0000000
1101100
0000000
0000000
0000000
1000111
0000000
0101000
0000000
0000000
0110111
0000000
1100001
0000000
0000000
0000000
1000111
0000000
0101000
0000000
0000000
0110111
0000000
1100111
0000000
0000000
0000000
1000111
0000000
0101000
0000000
0000000
0110111
0000000
1111011
0000000
0000000
0000000
1000111
0000000
0101000
0000000
0000000
0110111
0000000
1101100
0000000
0000000
0000000
1000111
0000000
0101000
0000000
0000000
0110111
0000000
1101111
0000000
0000000
0000000
1000111
0000000
0101000
0000000
0000000
0110111
0000000
1101111
0000000
0000000
0000000
1000111
0000000
0101000
0000000
0000000
0110111
0000000
1101011
0000000
0000000
0000000
1000111
0000000
0101000
0000000
0000000
0110111
0000000
1011111
0000000
0000000
0000000
1000111
0000000
0101000
0000000
0000000
0110111
0000000
1101101
0000000
0000000
0000000
1000111
0000000
0101000
0000000
0000000
0110111
0000000
1100001
0000000
0000000
0000000
1000111
0000000
0101000
0000000
0000000
0110111
0000000
1011111
0000000
0000000
0000000
1000111
0000000
0101000
0000000
0000000
0110111
0000000
1101001
0000000
0000000
0000000
1000111
0000000
0101000
0000000
0000000
0110111
0000000
1011111
0000000
0000000
0000000
1000111
0000000
0101000
0000000
0000000
0110111
0000000
1100011
0000000
0000000
0000000
1000111
0000000
0101000
0000000
0000000
0110111
0000000
1100001
0000000
0000000
0000000
1000111
0000000
0101000
0000000
0000000
0110111
0000000
1101110
0000000
0000000
0000000
1000111
0000000
0101000
0000000
0000000
0110111
0000000
1011111
0000000
0000000
0000000
1000111
0000000
0101000
0000000
0000000
0110111
0000000
1110000
0000000
0000000
0000000
1000111
0000000
0101000
0000000
0000000
0110111
0000000
1110010
0000000
0000000
0000000
1000111
0000000
0101000
0000000
0000000
0110111
0000000
1101001
0000000
0000000
0000000
1000111
0000000
0101000
0000000
0000000
0110111
0000000
1101110
0000000
0000000
0000000
1000111
0000000
0101000
0000000
0000000
0110111
0000000
1110100
0000000
0000000
0000000
1000111
0000000
0101000
0000000
0000000
0110111
0000000
0100001
0000000
0000000
0000000
1000111
0000000
0101000
0000000
0000000
0110111
0000000
0100001
0000000
0000000
0000000
1000111
0000000
0101000
0000000
0000000
0110111
0000000
0110001
0000000
0000000
0000000
1000111
0000000
0101000
0000000
0000000
0110111
0000000
1111101
0000000
0000000
0000000
1000111
0000000
